
0 1 -50.0                                    
0 7 -50.0                                    
0 8 -50.0                                    
1 0 -50.0                                    
1 2 -50.0                                    
1 7 -50.0                                    
1 8 -50.0                                    
1 9 -50.0                                    
2 1 -50.0                                    
2 3 -50.0                                    
2 8 -50.0                                    
2 9 -50.0                                    
2 10 -50.0                                    
3 2 -50.0                                    
3 4 -50.0                                    
3 9 -50.0                                    
3 10 -50.0                                    
3 11 -50.0                                    
4 3 -50.0                                    
4 5 -50.0                                    
4 10 -50.0                                    
4 11 -50.0                                    
4 12 -50.0                                    
5 4 -50.0                                    
5 6 -50.0                                    
5 11 -50.0                                    
5 12 -50.0                                    
5 13 -50.0                                    
6 5 -50.0                                    
6 12 -50.0                                    
6 13 -50.0                                    
7 0 -50.0                                    
7 1 -50.0                                    
7 8 -50.0                                    
7 14 -50.0                                    
7 15 -50.0                                    
8 0 -50.0                                    
8 1 -50.0                                    
8 2 -50.0                                    
8 7 -50.0                                    
8 9 -50.0                                    
8 14 -50.0                                    
8 15 -50.0                                    
8 16 -50.0                                    
9 1 -50.0                                    
9 2 -50.0                                    
9 3 -50.0                                    
9 8 -50.0                                    
9 10 -50.0                                    
9 15 -50.0                                    
9 16 -50.0                                    
9 17 -50.0                                    
10 2 -50.0                                    
10 3 -50.0                                    
10 4 -50.0                                    
10 9 -50.0                                    
10 11 -50.0                                    
10 16 -50.0                                    
10 17 -50.0                                    
10 18 -50.0                                    
11 3 -50.0                                    
11 4 -50.0                                    
11 5 -50.0                                    
11 10 -50.0                                    
11 12 -50.0                                    
11 17 -50.0                                    
11 18 -50.0                                    
11 19 -50.0                                    
12 4 -50.0                                    
12 5 -50.0                                    
12 6 -50.0                                    
12 11 -50.0                                    
12 13 -50.0                                    
12 18 -50.0                                    
12 19 -50.0                                    
12 20 -50.0                                    
13 5 -50.0                                    
13 6 -50.0                                    
13 12 -50.0                                    
13 19 -50.0                                    
13 20 -50.0                                    
14 7 -50.0                                    
14 8 -50.0                                    
14 15 -50.0                                    
14 21 -50.0                                    
14 22 -50.0                                    
15 7 -50.0                                    
15 8 -50.0                                    
15 9 -50.0                                    
15 14 -50.0                                    
15 16 -50.0                                    
15 21 -50.0                                    
15 22 -50.0                                    
15 23 -50.0                                    
16 8 -50.0                                    
16 9 -50.0                                    
16 10 -50.0                                    
16 15 -50.0                                    
16 17 -50.0                                    
16 22 -50.0                                    
16 23 -50.0                                    
16 24 -50.0                                    
17 9 -50.0                                    
17 10 -50.0                                    
17 11 -50.0                                    
17 16 -50.0                                    
17 18 -50.0                                    
17 23 -50.0                                    
17 24 -50.0                                    
17 25 -50.0                                    
18 10 -50.0                                    
18 11 -50.0                                    
18 12 -50.0                                    
18 17 -50.0                                    
18 19 -50.0                                    
18 24 -50.0                                    
18 25 -50.0                                    
18 26 -50.0                                    
19 11 -50.0                                    
19 12 -50.0                                    
19 13 -50.0                                    
19 18 -50.0                                    
19 20 -50.0                                    
19 25 -50.0                                    
19 26 -50.0                                    
19 27 -50.0                                    
20 12 -50.0                                    
20 13 -50.0                                    
20 19 -50.0                                    
20 26 -50.0                                    
20 27 -50.0                                    
21 14 -50.0                                    
21 15 -50.0                                    
21 22 -50.0                                    
21 28 -50.0                                    
21 29 -50.0                                    
22 14 -50.0                                    
22 15 -50.0                                    
22 16 -50.0                                    
22 21 -50.0                                    
22 23 -50.0                                    
22 28 -50.0                                    
22 29 -50.0                                    
22 30 -50.0                                    
23 15 -50.0                                    
23 16 -50.0                                    
23 17 -50.0                                    
23 22 -50.0                                    
23 24 -50.0                                    
23 29 -50.0                                    
23 30 -50.0                                    
23 31 -50.0                                    
24 16 -50.0                                    
24 17 -50.0                                    
24 18 -50.0                                    
24 23 -50.0                                    
24 25 -50.0                                    
24 30 -50.0                                    
24 31 -50.0                                    
24 32 -50.0                                    
25 17 -50.0                                    
25 18 -50.0                                    
25 19 -50.0                                    
25 24 -50.0                                    
25 26 -50.0                                    
25 31 -50.0                                    
25 32 -50.0                                    
25 33 -50.0                                    
26 18 -50.0                                    
26 19 -50.0                                    
26 20 -50.0                                    
26 25 -50.0                                    
26 27 -50.0                                    
26 32 -50.0                                    
26 33 -50.0                                    
26 34 -50.0                                    
27 19 -50.0                                    
27 20 -50.0                                    
27 26 -50.0                                    
27 33 -50.0                                    
27 34 -50.0                                    
28 21 -50.0                                    
28 22 -50.0                                    
28 29 -50.0                                    
28 35 -50.0                                    
28 36 -50.0                                    
29 21 -50.0                                    
29 22 -50.0                                    
29 23 -50.0                                    
29 28 -50.0                                    
29 30 -50.0                                    
29 35 -50.0                                    
29 36 -50.0                                    
29 37 -50.0                                    
30 22 -50.0                                    
30 23 -50.0                                    
30 24 -50.0                                    
30 29 -50.0                                    
30 31 -50.0                                    
30 36 -50.0                                    
30 37 -50.0                                    
30 38 -50.0                                    
31 23 -50.0                                    
31 24 -50.0                                    
31 25 -50.0                                    
31 30 -50.0                                    
31 32 -50.0                                    
31 37 -50.0                                    
31 38 -50.0                                    
31 39 -50.0                                    
32 24 -50.0                                    
32 25 -50.0                                    
32 26 -50.0                                    
32 31 -50.0                                    
32 33 -50.0                                    
32 38 -50.0                                    
32 39 -50.0                                    
32 40 -50.0                                    
33 25 -50.0                                    
33 26 -50.0                                    
33 27 -50.0                                    
33 32 -50.0                                    
33 34 -50.0                                    
33 39 -50.0                                    
33 40 -50.0                                    
33 41 -50.0                                    
34 26 -50.0                                    
34 27 -50.0                                    
34 33 -50.0                                    
34 40 -50.0                                    
34 41 -50.0                                    
35 28 -50.0                                    
35 29 -50.0                                    
35 36 -50.0                                    
35 42 -50.0                                    
35 43 -50.0                                    
36 28 -50.0                                    
36 29 -50.0                                    
36 30 -50.0                                    
36 35 -50.0                                    
36 37 -50.0                                    
36 42 -50.0                                    
36 43 -50.0                                    
36 44 -50.0                                    
37 29 -50.0                                    
37 30 -50.0                                    
37 31 -50.0                                    
37 36 -50.0                                    
37 38 -50.0                                    
37 43 -50.0                                    
37 44 -50.0                                    
37 45 -50.0                                    
38 30 -50.0                                    
38 31 -50.0                                    
38 32 -50.0                                    
38 37 -50.0                                    
38 39 -50.0                                    
38 44 -50.0                                    
38 45 -50.0                                    
38 46 -50.0                                    
39 31 -50.0                                    
39 32 -50.0                                    
39 33 -50.0                                    
39 38 -50.0                                    
39 40 -50.0                                    
39 45 -50.0                                    
39 46 -50.0                                    
39 47 -50.0                                    
40 32 -50.0                                    
40 33 -50.0                                    
40 34 -50.0                                    
40 39 -50.0                                    
40 41 -50.0                                    
40 46 -50.0                                    
40 47 -50.0                                    
40 48 -50.0                                    
41 33 -50.0                                    
41 34 -50.0                                    
41 40 -50.0                                    
41 47 -50.0                                    
41 48 -50.0                                    
42 35 -50.0                                    
42 36 -50.0                                    
42 43 -50.0                                    
43 35 -50.0                                    
43 36 -50.0                                    
43 37 -50.0                                    
43 42 -50.0                                    
43 44 -50.0                                    
44 36 -50.0                                    
44 37 -50.0                                    
44 38 -50.0                                    
44 43 -50.0                                    
44 45 -50.0                                    
45 37 -50.0                                    
45 38 -50.0                                    
45 39 -50.0                                    
45 44 -50.0                                    
45 46 -50.0                                    
46 38 -50.0                                    
46 39 -50.0                                    
46 40 -50.0                                    
46 45 -50.0                                    
46 47 -50.0                                    
47 39 -50.0                                    
47 40 -50.0                                    
47 41 -50.0                                    
47 46 -50.0                                    
47 48 -50.0                                    
48 40 -50.0                                    
48 41 -50.0                                    
48 47 -50.0                                    
